582
583
584
585
586
587
588
589
590
591
592
593
594
595
596
597
598
599
600
601
602
603
605
606
607
608
609
613
614
615
616
617
618
619
620
621
622
623
624
625
626
627
628
629
630
631
632
633
634
635
638
639
640
641
642
643
644
645
648
649
650
651
652
653
654
655
656
657
671
672
1233
1896
1898
1900
1902
1904
1912
1914
1916
1918
1944
2006
2161
2834
2836
2863
2998
3514
3516
3518
3532
3628
3751
3753
3756
3764
3766
3768
4005
4363
4388
9854
9858
9860
9862
11011
11019
11129
11132
11134
11172
11174
11176
11178
11182
11184
11186
11188
11190
11192
11194
11196
11198
11200
11202
11365
11371
11373
11375
11379
11381
11383
11387
11389
11393
11400
11567
11936
11938
11940
11942
11959
11961
11971
11978
11985
11987
11989
11993
11995
11999
12003
12005
12011
12013
12015
12017
12019
12021
12023
12036
12042
12044
12729
12733
12735
12743
13202
16227
16229
16231
16233
16236
16238
16240
16242
17360
17476
17478
17480
17619
17634
17636
17703
17705
17707
17709
17713
17715
17718
17720
17722
17726
17728
17732
17736
17738
17740
17812
17841
17843
17918
17920
17922
17924
17926
17928
17930
17932
19720
19722
19724
19726
19744
20125
20183
20185
20187
20189
21097
21628
22428
22430
22436
22440
22442
22444
22446
22448
22452
22456
22460
22464
22466
22468
22470
22474
22544
22546
22548
22852
23757
23773
23911
23913
23915
23917
23919
24483
24688
24690
24692
24694
24696
24698
24700
24702
25560
26840
26842
27299
27301
27303
27305
28352
28606
28659
28661
28665
28710
28844
28846
28848
28850
29248
29266
29328
29330
29332
29334
29336
29337
29340
29344
29984
29986
29988
29990
30842
32207
32209
32305
32307
32309
32311
32788
32790
32811
32840
32842
32844
32846
32848
32872
32874
32876
32878
32880
32983
32985
32987
32989
33079
33081
33083
33099
33151
33153
33155
33157
33190
33397
33468
33470
33472
33513
33553
33623
33625
33627
33629
33631
33633
33635
33637
33639
33641
33643
33645
33647
33649
33651
33653
33655
33657
33659
33661
33663
33665
33667
33669
33673
33677
33683
33685
33687
33689
33691
33693
33695
33697
33816
33818
33820
33869
33871
33873
33875
33877
33879
33881
33883
34118
34151
34213
34215
34217
34219
34221
34223
34225
34227
34229
34231
34233
34235
34237
34239
34241
34243
34245
34247
34249
34251
34253
34255
34257
34317
34328
34339
34341
34343
34345
34441
34443
34445
34457
34459
34461
34463
34465
34467
34469
34471
34473
34475
34477
34479
34496
34562
34590
34828
35683
35779
35781
37135
37453
37454
37455
37456
37457
37458
37459
37460
37480
37481
37482
37483
37604
37605
37606
37607
