178
179
180
181
182
183
184
185
186
187
188
189
190
191
192
193
194
195
196
197
198
199
200
201
206
207
208
209
210
211
212
213
215
216
217
218
219
220
221
222
223
224
225
226
227
228
229
230
231
232
233
234
235
236
237
238
239
240
241
242
243
244
245
246
247
248
249
250
251
252
253
254
255
256
257
258
259
260
261
262
266
267
450
451
452
453
454
455
456
457
458
459
460
461
462
463
464
499
561
562
563
564
565
566
567
568
569
570
571
572
573
574
575
1875
1877
2210
2212
2404
2506
2508
2510
2512
2514
2516
2679
2801
2811
2817
2985
2993
3001
3009
3017
3025
3033
3041
3049
3057
3065
3074
3082
3090
3098
3106
3114
3122
3130
3138
3146
3154
3162
3170
3178
3186
3285
3512
3520
3546
3550
3559
3561
3634
3636
3638
3640
4044
4045
4049
4147
5175
5177
5179
5181
5215
5217
5219
5221
6631
6633
6635
6637
6671
6673
6675
6677
6715
6717
6719
6721
6757
6759
6761
6763
6805
6807
6809
6811
6859
6861
6863
6865
6919
6921
6923
6925
6959
6961
6963
6965
6999
7001
7003
7005
7043
7045
7047
7049
7083
7085
7087
7089
7123
7125
7127
7131
7167
7169
7171
7173
7247
7249
7251
7253
7287
7289
7291
7293
7327
7329
7331
7333
7367
7369
7371
7373
7407
7409
7411
7413
7447
7449
7451
7453
7487
7489
7491
7493
7535
7537
7539
7541
7579
7581
7583
7585
7619
7621
7623
7625
7663
7665
7667
7669
7703
7705
7707
7709
7743
7745
7747
7749
7783
7785
7787
7789
7827
7829
7831
7833
7993
8007
8023
8025
8027
8089
8091
8093
10629
10631
10678
10680
10688
10690
10692
10694
12344
12346
12354
12356
12552
12557
12559
12608
12610
12612
12614
12625
12627
12773
12775
12777
12779
12781
12783
12785
12787
12789
12791
12793
12795
12822
12824
12826
12828
12830
12832
13119
13791
13793
13795
13797
13799
13801
13803
13805
13807
13809
13811
13813
13815
13817
13819
13820
13821
13822
13823
13824
13825
13826
13827
13828
13829
13830
13831
13832
13833
13834
13856
13864
13865
13866
13867
13868
13870
13872
13873
13874
13876
13878
13879
13880
13881
13882
13883
13884
13885
13886
13887
13888
13889
13890
13891
13892
13893
13894
13919
13920
13925
13926
13931
13933
14272
14274
14276
14278
14280
14282
14284
14286
14375
14377
14379
14381
14383
14385
14387
14389
14391
14393
14395
14397
14399
14401
14403
14405
14407
14409
14411
14413
14415
14417
14419
14421
14423
14425
14427
14429
14431
14433
14435
14437
14439
14441
14443
14445
14447
14449
14451
14453
14455
15399
15401
15403
15421
15423
15427
15429
15814
15815
15816
15817
15818
15820
15821
15823
15824
15825
15826
15827
15828
15829
15830
15831
15832
15833
15834
15835
15836
15837
15838
15840
15841
15843
15844
15845
15846
15847
15848
15849
15850
15851
15852
15853
15854
15855
15856
15857
15858
15859
15860
15861
15862
15863
15864
15865
15866
15867
15868
15869
15870
15871
15872
15873
15874
16025
16061
16065
16068
16128
16129
16131
16132
16133
16134
16136
16521
16523
16525
16527
17484
17488
17491
17648
17650
17652
17654
17656
17658
17660
17662
17664
17666
17668
17670
17672
17674
17676
17678
17680
17682
17684
17686
17688
17690
17692
17694
19962
19964
19966
19968
19970
19972
19974
19976
19978
19980
19982
19984
19986
19988
19990
19992
19994
19996
19998
20000
20002
20004
20006
20008
20010
20012
20014
20016
20018
20020
20022
20024
20026
20028
20030
20032
20034
20036
20038
20040
20043
20045
20047
20049
20051
20053
20055
20057
20128
20130
20132
20134
20138
20306
20307
20308
20444
20446
20448
20450
20587
20589
20591
20593
20595
20597
20721
20723
20725
20727
20729
20731
20733
20735
20737
20739
20741
20743
20745
20747
20749
20751
20753
20755
20757
20759
20761
20763
20765
20767
20769
20771
20773
20775
20777
20779
20781
20783
20785
20787
20789
20791
20793
20795
20797
20799
20801
20803
20805
20807
20809
20811
20813
20815
20817
20819
20821
20823
20825
20827
20829
20831
20833
20835
20837
20839
20841
20843
20845
20847
20849
20851
20853
20855
20857
20859
20861
20863
20865
20867
20869
20871
20873
20875
20877
20879
20881
20883
20885
20887
20889
20891
20893
20895
20897
20899
20901
20903
20905
20907
20909
20911
20913
20915
20917
20919
20921
20923
20925
20927
20929
20931
20933
20935
20937
20939
20941
20943
20945
20947
20949
20951
20953
20955
20957
20959
20961
20963
20965
20967
20969
20971
20973
20975
20977
20979
20981
20983
20985
20987
20989
20991
20993
20995
20997
20999
21001
21003
21005
21007
21194
21196
21198
21200
21202
21204
21206
21208
21210
21212
21214
21216
21218
21220
21222
21224
21226
21228
21230
21232
21234
21236
21238
21240
21242
21244
21246
21248
21250
21252
21254
21256
21258
21260
21262
21264
21266
21268
21270
21272
21274
21276
21278
21280
21282
21284
21286
21288
21290
21292
21294
21296
21298
21300
21302
21304
21306
21308
21310
21312
21314
21316
21318
21320
21322
21324
21326
21328
21330
21332
21334
21336
21338
21340
21342
21344
21346
21348
21350
21352
21354
21356
21358
21360
21362
21364
21366
21368
21370
21372
21374
21376
21378
21380
21382
21384
21386
21388
21390
21392
21394
21396
21398
21400
21402
21404
21406
21408
21410
21412
21414
21416
21418
21420
21422
21424
21426
21428
21430
21432
21434
21436
21438
21440
21442
21444
21446
21450
21542
21740
21867
21894
21896
21898
21900
21902
21904
21906
21908
21910
21912
21914
21916
21918
21920
21922
21924
21926
21928
21931
21933
21935
21937
21939
21941
22564
22565
22566
22899
22901
22903
22905
22907
22909
22911
22913
22915
22961
22963
22965
22967
22969
22971
22973
22975
22977
22979
22981
22983
22985
22987
22989
22991
22993
22995
22997
22999
23001
23003
23005
23007
23009
23011
23013
23015
23017
23019
23021
23023
23025
23027
23029
23031
23033
23035
23037
23039
23041
23043
23045
23047
23049
23051
23053
23071
23073
23075
23077
23079
23081
23083
23085
23089
23091
23093
23095
23097
23099
23101
23103
23105
23107
23109
23111
23113
23115
23117
23119
23834
23836
23838
23840
23842
23844
23846
23848
23850
24471
24473
24475
24477
24478
24479
24486
24488
24490
24492
24493
24494
24519
24521
24523
24525
24527
24529
25707
25709
25711
25713
25715
27313
27315
27317
27319
27321
27323
27325
27327
27329
27331
27333
27335
27337
27339
27341
27343
27345
27347
27349
27351
27353
27355
27357
27359
27361
27363
27365
27367
27369
27371
27375
27379
27381
27383
27385
27387
27393
27397
27401
27403
27405
27407
27411
27413
27415
27417
27419
27421
27433
27435
27437
27439
27441
27443
27445
27447
27449
27451
27453
27455
27883
27884
27885
27886
27887
27888
27889
27890
27891
27892
28324
28326
28328
28330
28332
28334
28336
28338
28375
28377
28379
28381
28383
28511
28565
30428
30430
32461
32463
32799
32801
32803
33440
33441
33442
33446
33448
33450
33452
33453
33454
33455
33456
33457
33458
33459
33461
33462
33463
33464
33465
33466
34271
34272
34274
34276
34278
34280
34282
34290
34292
34580
37290
37291
37296
37297
37298
37299
37300
37301
37302
37303
41063
41064
41065
41066
41067
41076
41077
41078
41079
41099
41100
41101
41102
41103
41104
41114
41115
41116
41117
41118
41119
41126
41127
41128
41129
41130
41138
41139
41140
41141
41142
41314
41316
41322
41324
41334
41336
